27500 3.000 5.914367E+08 5.921676E+08 6.198647E+08 5.868826E+08 6.095366E+08 5.846511E+08 5.984014E+08 5.831790E+08 6.291857E+08 5.825358E+08
27500 3.250 5.711236E+08 5.737357E+08 5.990680E+08 5.681167E+08 5.898129E+08 5.664197E+08 5.793185E+08 5.649746E+08 6.100083E+08 5.635774E+08
27500 3.500 5.522057E+08 5.580828E+08 5.834629E+08 5.516592E+08 5.738084E+08 5.499435E+08 5.638868E+08 5.479499E+08 5.949507E+08 5.454253E+08
27500 3.750 5.381178E+08 5.464438E+08 5.712582E+08 5.393840E+08 5.618746E+08 5.372521E+08 5.520149E+08 5.351897E+08 5.824595E+08 5.320615E+08
27500 4.000 5.284803E+08 5.370602E+08 5.616306E+08 5.303788E+08 5.524760E+08 5.283076E+08 5.429228E+08 5.262075E+08 5.725513E+08 5.229167E+08
27500 4.250 5.212816E+08 5.296363E+08 5.535661E+08 5.233845E+08 5.446558E+08 5.213938E+08 5.351684E+08 5.193589E+08 5.643060E+08 5.160426E+08
27500 4.500 5.155952E+08 5.232094E+08 5.463091E+08 5.174736E+08 5.374415E+08 5.156225E+08 5.283542E+08 5.137118E+08 5.569102E+08 5.105426E+08
27500 4.750 5.108362E+08 5.174285E+08 5.393641E+08 5.122688E+08 5.307176E+08 5.105960E+08 5.221378E+08 5.088478E+08 5.498024E+08 5.058982E+08
30000 3.000 6.965429E+08 6.730566E+08 6.923502E+08 6.718898E+08 6.855274E+08 6.742421E+08 6.766861E+08 6.765038E+08 7.012188E+08 6.828198E+08
30000 3.250 6.637983E+08 6.503346E+08 6.699112E+08 6.460393E+08 6.622951E+08 6.451771E+08 6.550082E+08 6.450012E+08 6.786929E+08 6.510285E+08
30000 3.500 6.424969E+08 6.352522E+08 6.546732E+08 6.313494E+08 6.471803E+08 6.305805E+08 6.394834E+08 6.307254E+08 6.628239E+08 6.322318E+08
30000 3.750 6.270998E+08 6.221025E+08 6.416331E+08 6.187657E+08 6.338853E+08 6.179536E+08 6.261186E+08 6.174621E+08 6.509036E+08 6.180410E+08
30000 4.000 6.131126E+08 6.102261E+08 6.299891E+08 6.064816E+08 6.224957E+08 6.055640E+08 6.143641E+08 6.048876E+08 6.398412E+08 6.048200E+08
30000 4.250 6.010336E+08 5.996547E+08 6.198910E+08 5.956250E+08 6.118024E+08 5.946551E+08 6.038722E+08 5.938454E+08 6.300343E+08 5.934948E+08
30000 4.500 5.912350E+08 5.907465E+08 6.108299E+08 5.865803E+08 6.028536E+08 5.855539E+08 5.949833E+08 5.846599E+08 6.206730E+08 5.840235E+08
30000 4.750 5.830962E+08 5.831891E+08 6.029503E+08 5.790941E+08 5.951086E+08 5.780995E+08 5.873904E+08 5.771617E+08 6.126458E+08 5.763101E+08
32500 3.000 0.000000E+00 0.000000E+00 0.000000E+00 0.000000E+00 0.000000E+00 0.000000E+00 0.000000E+00 0.000000E+00 0.000000E+00 0.000000E+00
32500 3.250 7.707957E+08 7.291718E+08 7.364968E+08 7.358529E+08 7.327984E+08 7.405093E+08 7.282218E+08 7.455399E+08 7.450717E+08 7.545235E+08
32500 3.500 7.471928E+08 7.097118E+08 7.224854E+08 7.124617E+08 7.153387E+08 7.152924E+08 7.108347E+08 7.205928E+08 7.278058E+08 7.318679E+08
32500 3.750 7.245434E+08 6.957618E+08 7.082441E+08 6.947327E+08 7.027126E+08 6.955351E+08 6.982320E+08 6.984984E+08 7.151356E+08 7.100364E+08
32500 4.000 7.065442E+08 6.852838E+08 6.987110E+08 6.834518E+08 6.931439E+08 6.836202E+08 6.878099E+08 6.846578E+08 7.059195E+08 6.928152E+08
32500 4.250 6.932852E+08 6.760326E+08 6.896621E+08 6.745615E+08 6.839311E+08 6.748184E+08 6.785861E+08 6.758066E+08 6.965463E+08 6.815310E+08
32500 4.500 6.825325E+08 6.671952E+08 6.810781E+08 6.662399E+08 6.751100E+08 6.666216E+08 6.696117E+08 6.676414E+08 6.884333E+08 6.720766E+08
32500 4.750 6.730861E+08 6.591010E+08 6.730347E+08 6.582458E+08 6.668235E+08 6.587277E+08 6.613740E+08 6.596881E+08 6.805905E+08 6.633905E+08
35000 3.000 0.000000E+00 0.000000E+00 0.000000E+00 0.000000E+00 0.000000E+00 0.000000E+00 0.000000E+00 0.000000E+00 0.000000E+00 0.000000E+00
35000 3.250 8.476569E+08 7.950439E+08 7.982614E+08 8.064284E+08 7.918304E+08 8.119596E+08 7.896545E+08 8.166563E+08 8.116492E+08 8.283602E+08
35000 3.500 8.429998E+08 7.861514E+08 7.797798E+08 7.997260E+08 7.771770E+08 8.055882E+08 7.808272E+08 8.114775E+08 7.872042E+08 8.240816E+08
35000 3.750 8.298759E+08 7.730986E+08 7.706408E+08 7.848533E+08 7.679719E+08 7.912203E+08 7.690252E+08 7.981751E+08 7.757997E+08 8.118082E+08
35000 4.000 8.143009E+08 7.595733E+08 7.614416E+08 7.698238E+08 7.581762E+08 7.753914E+08 7.574312E+08 7.823416E+08 7.667545E+08 7.970343E+08
35000 4.250 7.990852E+08 7.484759E+08 7.531596E+08 7.549191E+08 7.499949E+08 7.603260E+08 7.477156E+08 7.674001E+08 7.585087E+08 7.821742E+08
35000 4.500 7.852921E+08 7.395004E+08 7.461387E+08 7.436729E+08 7.422473E+08 7.479745E+08 7.395115E+08 7.543931E+08 7.514381E+08 7.690736E+08
35000 4.750 7.733036E+08 7.325764E+08 7.397748E+08 7.351635E+08 7.358485E+08 7.383360E+08 7.329926E+08 7.440213E+08 7.449939E+08 7.578098E+08
37500 3.000 0.000000E+00 0.000000E+00 0.000000E+00 0.000000E+00 0.000000E+00 0.000000E+00 0.000000E+00 0.000000E+00 0.000000E+00 0.000000E+00
37500 3.250 0.000000E+00 0.000000E+00 0.000000E+00 0.000000E+00 0.000000E+00 0.000000E+00 0.000000E+00 0.000000E+00 0.000000E+00 0.000000E+00
37500 3.500 9.103593E+08 8.462009E+08 8.355274E+08 8.602519E+08 8.328170E+08 8.665476E+08 8.376829E+08 8.727249E+08 8.447012E+08 8.886278E+08
37500 3.750 9.092221E+08 8.415499E+08 8.237473E+08 8.579503E+08 8.239244E+08 8.641284E+08 8.321765E+08 8.711933E+08 8.287276E+08 8.878027E+08
37500 4.000 9.026016E+08 8.340704E+08 8.175753E+08 8.510271E+08 8.183174E+08 8.577931E+08 8.250413E+08 8.651935E+08 8.215114E+08 8.818331E+08
37500 4.250 8.936014E+08 8.253849E+08 8.119261E+08 8.422452E+08 8.120910E+08 8.493043E+08 8.175734E+08 8.567363E+08 8.153751E+08 8.733038E+08
37500 4.500 8.837368E+08 8.165492E+08 8.062317E+08 8.327091E+08 8.056365E+08 8.399463E+08 8.094945E+08 8.475440E+08 8.099963E+08 8.641069E+08
37500 4.750 8.738040E+08 8.077679E+08 8.005966E+08 8.230879E+08 7.992340E+08 8.304855E+08 8.021259E+08 8.383173E+08 8.042052E+08 8.549111E+08
40000 3.000 0.000000E+00 0.000000E+00 0.000000E+00 0.000000E+00 0.000000E+00 0.000000E+00 0.000000E+00 0.000000E+00 0.000000E+00 0.000000E+00
40000 3.250 0.000000E+00 0.000000E+00 0.000000E+00 0.000000E+00 0.000000E+00 0.000000E+00 0.000000E+00 0.000000E+00 0.000000E+00 0.000000E+00
40000 3.500 9.658342E+08 9.009603E+08 8.995772E+08 9.130948E+08 8.934949E+08 9.188596E+08 8.952836E+08 9.257508E+08 9.126222E+08 9.433345E+08
40000 3.750 9.716237E+08 8.959000E+08 8.772969E+08 9.119601E+08 8.770602E+08 9.193274E+08 8.858203E+08 9.272462E+08 8.827233E+08 9.478569E+08
40000 4.000 9.705427E+08 8.935886E+08 8.675008E+08 9.103594E+08 8.706562E+08 9.176176E+08 8.822557E+08 9.258391E+08 8.708140E+08 9.465770E+08
40000 4.250 9.659385E+08 8.893380E+08 8.631880E+08 9.068486E+08 8.665933E+08 9.140874E+08 8.776675E+08 9.223031E+08 8.648590E+08 9.428653E+08
40000 4.500 9.596840E+08 8.845926E+08 8.593982E+08 9.022354E+08 8.626702E+08 9.093629E+08 8.729611E+08 9.176329E+08 8.606148E+08 9.370377E+08
40000 4.750 9.526723E+08 8.793345E+08 8.557404E+08 8.969136E+08 8.585744E+08 9.039623E+08 8.683002E+08 9.118230E+08 8.566870E+08 9.308633E+08
42500 3.000 0.000000E+00 0.000000E+00 0.000000E+00 0.000000E+00 0.000000E+00 0.000000E+00 0.000000E+00 0.000000E+00 0.000000E+00 0.000000E+00
42500 3.250 0.000000E+00 0.000000E+00 0.000000E+00 0.000000E+00 0.000000E+00 0.000000E+00 0.000000E+00 0.000000E+00 0.000000E+00 0.000000E+00
42500 3.500 0.000000E+00 0.000000E+00 0.000000E+00 0.000000E+00 0.000000E+00 0.000000E+00 0.000000E+00 0.000000E+00 0.000000E+00 0.000000E+00
42500 3.750 1.028549E+09 9.469900E+08 9.352297E+08 9.623011E+08 9.326387E+08 9.705064E+08 9.384697E+08 9.799154E+08 9.429059E+08 1.004073E+09
42500 4.000 1.030820E+09 9.437439E+08 9.205553E+08 9.615844E+08 9.226160E+08 9.698068E+08 9.331069E+08 9.797396E+08 9.246291E+08 1.005307E+09
42500 4.250 1.028389E+09 9.417083E+08 9.127989E+08 9.592961E+08 9.173103E+08 9.675921E+08 9.302815E+08 9.771938E+08 9.140331E+08 1.002815E+09
42500 4.500 1.023443E+09 9.389456E+08 9.085395E+08 9.563227E+08 9.140100E+08 9.643271E+08 9.271506E+08 9.737548E+08 9.085408E+08 9.982172E+08
42500 4.750 1.017256E+09 9.358867E+08 9.054939E+08 9.528088E+08 9.111098E+08 9.605150E+08 9.242847E+08 9.695208E+08 9.046988E+08 9.928457E+08
45000 3.000 0.000000E+00 0.000000E+00 0.000000E+00 0.000000E+00 0.000000E+00 0.000000E+00 0.000000E+00 0.000000E+00 0.000000E+00 0.000000E+00
45000 3.250 0.000000E+00 0.000000E+00 0.000000E+00 0.000000E+00 0.000000E+00 0.000000E+00 0.000000E+00 0.000000E+00 0.000000E+00 0.000000E+00
45000 3.500 0.000000E+00 0.000000E+00 0.000000E+00 0.000000E+00 0.000000E+00 0.000000E+00 0.000000E+00 0.000000E+00 0.000000E+00 0.000000E+00
45000 3.750 1.083218E+09 9.954781E+08 9.900405E+08 1.010894E+09 9.875599E+08 1.019919E+09 9.892872E+08 1.031174E+09 1.000479E+09 1.059116E+09
45000 4.000 1.088408E+09 9.911031E+08 9.747876E+08 1.009430E+09 9.745762E+08 1.019464E+09 9.822792E+08 1.031549E+09 9.806706E+08 1.061995E+09
45000 4.250 1.087612E+09 9.885796E+08 9.648783E+08 1.007860E+09 9.677193E+08 1.017641E+09 9.780090E+08 1.029314E+09 9.672463E+08 1.060563E+09
45000 4.500 1.083334E+09 9.864366E+08 9.581512E+08 1.005148E+09 9.634412E+08 1.014578E+09 9.752859E+08 1.025820E+09 9.583739E+08 1.056103E+09
45000 4.750 1.077024E+09 9.839397E+08 9.539280E+08 1.001833E+09 9.601527E+08 1.010795E+09 9.729003E+08 1.021665E+09 9.528313E+08 1.050372E+09
47500 3.000 0.000000E+00 0.000000E+00 0.000000E+00 0.000000E+00 0.000000E+00 0.000000E+00 0.000000E+00 0.000000E+00 0.000000E+00 0.000000E+00
47500 3.250 0.000000E+00 0.000000E+00 0.000000E+00 0.000000E+00 0.000000E+00 0.000000E+00 0.000000E+00 0.000000E+00 0.000000E+00 0.000000E+00
47500 3.500 0.000000E+00 0.000000E+00 0.000000E+00 0.000000E+00 0.000000E+00 0.000000E+00 0.000000E+00 0.000000E+00 0.000000E+00 0.000000E+00
47500 3.750 1.136061E+09 1.043440E+09 1.039880E+09 1.059769E+09 1.034332E+09 1.068567E+09 1.035868E+09 1.081430E+09 1.052514E+09 1.112054E+09
47500 4.000 1.143773E+09 1.037614E+09 1.025168E+09 1.056507E+09 1.023059E+09 1.067306E+09 1.028761E+09 1.082200E+09 1.031329E+09 1.117374E+09
47500 4.250 1.144449E+09 1.033856E+09 1.016307E+09 1.054202E+09 1.016528E+09 1.065695E+09 1.024237E+09 1.080256E+09 1.020004E+09 1.117206E+09
47500 4.500 1.140749E+09 1.031137E+09 1.008759E+09 1.051525E+09 1.011454E+09 1.062705E+09 1.020932E+09 1.076429E+09 1.010756E+09 1.112881E+09
47500 4.750 1.134381E+09 1.028684E+09 1.003321E+09 1.048128E+09 1.007684E+09 1.058722E+09 1.018275E+09 1.071973E+09 1.003125E+09 1.106705E+09
50000 3.000 0.000000E+00 0.000000E+00 0.000000E+00 0.000000E+00 0.000000E+00 0.000000E+00 0.000000E+00 0.000000E+00 0.000000E+00 0.000000E+00
50000 3.250 0.000000E+00 0.000000E+00 0.000000E+00 0.000000E+00 0.000000E+00 0.000000E+00 0.000000E+00 0.000000E+00 0.000000E+00 0.000000E+00
50000 3.500 0.000000E+00 0.000000E+00 0.000000E+00 0.000000E+00 0.000000E+00 0.000000E+00 0.000000E+00 0.000000E+00 0.000000E+00 0.000000E+00
50000 3.750 0.000000E+00 0.000000E+00 0.000000E+00 0.000000E+00 0.000000E+00 0.000000E+00 0.000000E+00 0.000000E+00 0.000000E+00 0.000000E+00
50000 4.000 1.197539E+09 1.081086E+09 1.069248E+09 1.101931E+09 1.067698E+09 1.114282E+09 1.072098E+09 1.130621E+09 1.077995E+09 1.170491E+09
50000 4.250 1.199937E+09 1.077556E+09 1.061615E+09 1.099068E+09 1.061231E+09 1.112254E+09 1.068330E+09 1.129394E+09 1.067167E+09 1.172206E+09
50000 4.500 1.196992E+09 1.074111E+09 1.055981E+09 1.096138E+09 1.056810E+09 1.109129E+09 1.064253E+09 1.126534E+09 1.060257E+09 1.168575E+09
50000 4.750 1.190687E+09 1.071003E+09 1.050958E+09 1.092556E+09 1.052974E+09 1.105033E+09 1.061047E+09 1.121054E+09 1.053344E+09 1.162349E+09
52500 3.000 0.000000E+00 0.000000E+00 0.000000E+00 0.000000E+00 0.000000E+00 0.000000E+00 0.000000E+00 0.000000E+00 0.000000E+00 0.000000E+00
52500 3.250 0.000000E+00 0.000000E+00 0.000000E+00 0.000000E+00 0.000000E+00 0.000000E+00 0.000000E+00 0.000000E+00 0.000000E+00 0.000000E+00
52500 3.500 0.000000E+00 0.000000E+00 0.000000E+00 0.000000E+00 0.000000E+00 0.000000E+00 0.000000E+00 0.000000E+00 0.000000E+00 0.000000E+00
52500 3.750 0.000000E+00 0.000000E+00 0.000000E+00 0.000000E+00 0.000000E+00 0.000000E+00 0.000000E+00 0.000000E+00 0.000000E+00 0.000000E+00
52500 4.000 1.249947E+09 1.124537E+09 1.112263E+09 1.147481E+09 1.108472E+09 1.161109E+09 1.114481E+09 1.179368E+09 1.121511E+09 1.221522E+09
52500 4.250 1.254246E+09 1.120576E+09 1.103374E+09 1.143710E+09 1.102469E+09 1.158131E+09 1.109792E+09 1.177538E+09 1.109648E+09 1.225313E+09
52500 4.500 1.252158E+09 1.116675E+09 1.098805E+09 1.139914E+09 1.099178E+09 1.154547E+09 1.109442E+09 1.173700E+09 1.103828E+09 1.222703E+09
52500 4.750 1.246008E+09 1.112853E+09 1.095023E+09 1.135727E+09 1.095843E+09 1.150037E+09 1.103266E+09 1.169002E+09 1.099065E+09 1.216797E+09
55000 3.000 0.000000E+00 0.000000E+00 0.000000E+00 0.000000E+00 0.000000E+00 0.000000E+00 0.000000E+00 0.000000E+00 0.000000E+00 0.000000E+00
55000 3.250 0.000000E+00 0.000000E+00 0.000000E+00 0.000000E+00 0.000000E+00 0.000000E+00 0.000000E+00 0.000000E+00 0.000000E+00 0.000000E+00
55000 3.500 0.000000E+00 0.000000E+00 0.000000E+00 0.000000E+00 0.000000E+00 0.000000E+00 0.000000E+00 0.000000E+00 0.000000E+00 0.000000E+00
55000 3.750 0.000000E+00 0.000000E+00 0.000000E+00 0.000000E+00 0.000000E+00 0.000000E+00 0.000000E+00 0.000000E+00 0.000000E+00 0.000000E+00
55000 4.000 1.301086E+09 1.166984E+09 1.153370E+09 1.193268E+09 1.148943E+09 1.208366E+09 1.155608E+09 1.227687E+09 1.163145E+09 1.270961E+09
55000 4.250 1.307588E+09 1.161820E+09 1.142513E+09 1.188313E+09 1.142642E+09 1.204170E+09 1.150362E+09 1.225235E+09 1.150285E+09 1.276878E+09
55000 4.500 1.306443E+09 1.157838E+09 1.138068E+09 1.183554E+09 1.138376E+09 1.199718E+09 1.146742E+09 1.221128E+09 1.144170E+09 1.275422E+09
55000 4.750 1.300517E+09 1.153460E+09 1.135471E+09 1.178431E+09 1.136049E+09 1.194435E+09 1.143384E+09 1.216160E+09 1.140253E+09 1.269982E+09
