27500 3.000 4.522832E+07 4.467248E+07 4.610577E+07 4.482868E+07 4.547643E+07 4.463802E+07 4.493369E+07 4.462450E+07 4.644405E+07 4.481445E+07
27500 3.250 4.344512E+07 4.338870E+07 4.466830E+07 4.318540E+07 4.413000E+07 4.313692E+07 4.362914E+07 4.311375E+07 4.519133E+07 4.326013E+07
27500 3.500 4.183619E+07 4.225372E+07 4.353610E+07 4.191088E+07 4.302460E+07 4.180987E+07 4.256536E+07 4.172107E+07 4.416262E+07 4.162583E+07
27500 3.750 4.064068E+07 4.130152E+07 4.270133E+07 4.090043E+07 4.218780E+07 4.077783E+07 4.164593E+07 4.066229E+07 4.333925E+07 4.049101E+07
27500 4.000 3.984649E+07 4.057200E+07 4.199663E+07 4.015905E+07 4.148344E+07 4.003385E+07 4.092419E+07 3.990908E+07 4.261487E+07 3.972463E+07
27500 4.250 3.921045E+07 3.997295E+07 4.139565E+07 3.957602E+07 4.087294E+07 3.945301E+07 4.032156E+07 3.932894E+07 4.201522E+07 3.912406E+07
27500 4.500 3.871239E+07 3.942967E+07 4.084019E+07 3.906725E+07 4.031176E+07 3.895322E+07 3.975466E+07 3.883700E+07 4.145965E+07 3.864022E+07
27500 4.750 3.828743E+07 3.893986E+07 4.029918E+07 3.861646E+07 3.977113E+07 3.851436E+07 3.923757E+07 3.840869E+07 4.092881E+07 3.822501E+07
30000 3.000 5.351859E+07 5.037726E+07 5.070511E+07 5.084661E+07 5.029422E+07 5.157795E+07 5.029867E+07 5.180763E+07 5.114476E+07 5.270978E+07
30000 3.250 5.078984E+07 4.875117E+07 4.939779E+07 4.876214E+07 4.918162E+07 4.884935E+07 4.885565E+07 4.904006E+07 4.983240E+07 5.005162E+07
30000 3.500 4.895379E+07 4.780379E+07 4.851693E+07 4.777261E+07 4.818853E+07 4.783361E+07 4.795000E+07 4.796481E+07 4.893075E+07 4.845017E+07
30000 3.750 4.763148E+07 4.686755E+07 4.771136E+07 4.683447E+07 4.733877E+07 4.687499E+07 4.700302E+07 4.695843E+07 4.818790E+07 4.727147E+07
30000 4.000 4.645135E+07 4.601698E+07 4.691325E+07 4.591813E+07 4.651419E+07 4.592169E+07 4.619198E+07 4.595853E+07 4.743364E+07 4.613563E+07
30000 4.250 4.543100E+07 4.520464E+07 4.620662E+07 4.505445E+07 4.578711E+07 4.504280E+07 4.539830E+07 4.505548E+07 4.675471E+07 4.517118E+07
30000 4.500 4.459595E+07 4.450174E+07 4.555012E+07 4.432097E+07 4.512470E+07 4.429881E+07 4.471574E+07 4.429745E+07 4.608939E+07 4.437738E+07
30000 4.750 4.391088E+07 4.389162E+07 4.497317E+07 4.370583E+07 4.453946E+07 4.367973E+07 4.411733E+07 4.367158E+07 4.550117E+07 4.372347E+07
32500 3.000 0.000000E+00 0.000000E+00 0.000000E+00 0.000000E+00 0.000000E+00 0.000000E+00 0.000000E+00 0.000000E+00 0.000000E+00 0.000000E+00
32500 3.250 5.911591E+07 5.451352E+07 5.434027E+07 5.562871E+07 5.381015E+07 5.644175E+07 5.404695E+07 5.688686E+07 5.423116E+07 5.812389E+07
32500 3.500 5.720616E+07 5.303986E+07 5.300083E+07 5.367280E+07 5.283576E+07 5.416542E+07 5.284654E+07 5.483793E+07 5.322379E+07 5.628092E+07
32500 3.750 5.531535E+07 5.205308E+07 5.221574E+07 5.227476E+07 5.202589E+07 5.251816E+07 5.192935E+07 5.300836E+07 5.251321E+07 5.446364E+07
32500 4.000 5.379687E+07 5.127751E+07 5.167592E+07 5.138879E+07 5.146502E+07 5.153481E+07 5.130817E+07 5.181035E+07 5.191606E+07 5.300139E+07
32500 4.250 5.267232E+07 5.064711E+07 5.111116E+07 5.077115E+07 5.087536E+07 5.091163E+07 5.069434E+07 5.115776E+07 5.141648E+07 5.205946E+07
32500 4.500 5.174840E+07 5.002340E+07 5.055557E+07 5.016699E+07 5.028401E+07 5.031851E+07 5.006959E+07 5.055298E+07 5.089736E+07 5.126199E+07
32500 4.750 5.093642E+07 4.942191E+07 4.997629E+07 4.957433E+07 4.968074E+07 4.971852E+07 4.946168E+07 4.992941E+07 5.036679E+07 5.052448E+07
35000 3.000 0.000000E+00 0.000000E+00 0.000000E+00 0.000000E+00 0.000000E+00 0.000000E+00 0.000000E+00 0.000000E+00 0.000000E+00 0.000000E+00
35000 3.250 6.508832E+07 5.951518E+07 5.824089E+07 6.094512E+07 5.824876E+07 6.170765E+07 5.866817E+07 6.228216E+07 5.925484E+07 6.389831E+07
35000 3.500 6.456647E+07 5.873533E+07 5.710496E+07 6.033199E+07 5.721771E+07 6.111880E+07 5.790554E+07 6.175977E+07 5.759103E+07 6.338044E+07
35000 3.750 6.349150E+07 5.773781E+07 5.652044E+07 5.920001E+07 5.658557E+07 5.990036E+07 5.707837E+07 6.065910E+07 5.660775E+07 6.237129E+07
35000 4.000 6.223541E+07 5.670272E+07 5.590220E+07 5.796960E+07 5.589855E+07 5.866056E+07 5.627738E+07 5.942870E+07 5.607234E+07 6.117278E+07
35000 4.250 6.100172E+07 5.575134E+07 5.540443E+07 5.675358E+07 5.532886E+07 5.741481E+07 5.545343E+07 5.821902E+07 5.561828E+07 5.997017E+07
35000 4.500 5.986097E+07 5.504069E+07 5.495759E+07 5.578625E+07 5.484059E+07 5.636114E+07 5.485871E+07 5.713757E+07 5.517129E+07 5.888486E+07
35000 4.750 5.884643E+07 5.452100E+07 5.457402E+07 5.505425E+07 5.443182E+07 5.551645E+07 5.440431E+07 5.624178E+07 5.478830E+07 5.793008E+07
37500 3.000 0.000000E+00 0.000000E+00 0.000000E+00 0.000000E+00 0.000000E+00 0.000000E+00 0.000000E+00 0.000000E+00 0.000000E+00 0.000000E+00
37500 3.250 0.000000E+00 0.000000E+00 0.000000E+00 0.000000E+00 0.000000E+00 0.000000E+00 0.000000E+00 0.000000E+00 0.000000E+00 0.000000E+00
37500 3.500 6.988925E+07 6.335556E+07 6.112403E+07 6.491279E+07 6.123159E+07 6.560781E+07 6.236147E+07 6.640888E+07 6.162258E+07 6.851188E+07
37500 3.750 6.966569E+07 6.282910E+07 6.032884E+07 6.465556E+07 6.067030E+07 6.534076E+07 6.171983E+07 6.616909E+07 6.041681E+07 6.829573E+07
37500 4.000 6.904719E+07 6.227113E+07 5.992059E+07 6.405950E+07 6.027036E+07 6.479480E+07 6.121689E+07 6.563651E+07 5.994017E+07 6.772318E+07
37500 4.250 6.828280E+07 6.161335E+07 5.952375E+07 6.341430E+07 5.980307E+07 6.414868E+07 6.065774E+07 6.496590E+07 5.954198E+07 6.700293E+07
37500 4.500 6.748163E+07 6.083509E+07 5.913540E+07 6.263251E+07 5.932334E+07 6.340457E+07 5.998060E+07 6.424527E+07 5.921351E+07 6.625252E+07
37500 4.750 6.667076E+07 6.013121E+07 5.872714E+07 6.186840E+07 5.882421E+07 6.265870E+07 5.937428E+07 6.351797E+07 5.881876E+07 6.550314E+07
40000 3.000 0.000000E+00 0.000000E+00 0.000000E+00 0.000000E+00 0.000000E+00 0.000000E+00 0.000000E+00 0.000000E+00 0.000000E+00 0.000000E+00
40000 3.250 0.000000E+00 0.000000E+00 0.000000E+00 0.000000E+00 0.000000E+00 0.000000E+00 0.000000E+00 0.000000E+00 0.000000E+00 0.000000E+00
40000 3.500 7.428166E+07 6.733567E+07 6.621300E+07 6.886674E+07 6.575737E+07 6.964476E+07 6.672285E+07 7.061067E+07 6.670185E+07 7.294948E+07
40000 3.750 7.463312E+07 6.685681E+07 6.415606E+07 6.865283E+07 6.460882E+07 6.949026E+07 6.574398E+07 7.051781E+07 6.431785E+07 7.312832E+07
40000 4.000 7.444446E+07 6.665962E+07 6.355615E+07 6.844919E+07 6.415950E+07 6.927835E+07 6.545448E+07 7.027028E+07 6.351392E+07 7.288928E+07
40000 4.250 7.398115E+07 6.630552E+07 6.326716E+07 6.812874E+07 6.381425E+07 6.894243E+07 6.509106E+07 6.990677E+07 6.312372E+07 7.249478E+07
40000 4.500 7.339777E+07 6.594625E+07 6.301152E+07 6.776578E+07 6.352132E+07 6.854942E+07 6.472016E+07 6.951176E+07 6.284787E+07 7.193561E+07
40000 4.750 7.276528E+07 6.550128E+07 6.272120E+07 6.733282E+07 6.318374E+07 6.810867E+07 6.431359E+07 6.901996E+07 6.257027E+07 7.137789E+07
42500 3.000 0.000000E+00 0.000000E+00 0.000000E+00 0.000000E+00 0.000000E+00 0.000000E+00 0.000000E+00 0.000000E+00 0.000000E+00 0.000000E+00
42500 3.250 0.000000E+00 0.000000E+00 0.000000E+00 0.000000E+00 0.000000E+00 0.000000E+00 0.000000E+00 0.000000E+00 0.000000E+00 0.000000E+00
42500 3.500 0.000000E+00 0.000000E+00 0.000000E+00 0.000000E+00 0.000000E+00 0.000000E+00 0.000000E+00 0.000000E+00 0.000000E+00 0.000000E+00
42500 3.750 7.906995E+07 7.046237E+07 6.863758E+07 7.239263E+07 6.864291E+07 7.336529E+07 6.949205E+07 7.456596E+07 6.883589E+07 7.760765E+07
42500 4.000 7.921090E+07 7.024170E+07 6.742247E+07 7.220340E+07 6.788140E+07 7.322307E+07 6.909571E+07 7.442896E+07 6.748245E+07 7.761350E+07
42500 4.250 7.896049E+07 7.008083E+07 6.689065E+07 7.200659E+07 6.751983E+07 7.297115E+07 6.888013E+07 7.413187E+07 6.668673E+07 7.732486E+07
42500 4.500 7.848693E+07 6.986946E+07 6.657488E+07 7.173904E+07 6.726434E+07 7.266449E+07 6.866004E+07 7.380093E+07 6.632285E+07 7.685438E+07
42500 4.750 7.790308E+07 6.963718E+07 6.636144E+07 7.144708E+07 6.704879E+07 7.232253E+07 6.845116E+07 7.341262E+07 6.606940E+07 7.632709E+07
45000 3.000 0.000000E+00 0.000000E+00 0.000000E+00 0.000000E+00 0.000000E+00 0.000000E+00 0.000000E+00 0.000000E+00 0.000000E+00 0.000000E+00
45000 3.250 0.000000E+00 0.000000E+00 0.000000E+00 0.000000E+00 0.000000E+00 0.000000E+00 0.000000E+00 0.000000E+00 0.000000E+00 0.000000E+00
45000 3.500 0.000000E+00 0.000000E+00 0.000000E+00 0.000000E+00 0.000000E+00 0.000000E+00 0.000000E+00 0.000000E+00 0.000000E+00 0.000000E+00
45000 3.750 8.322780E+07 7.400156E+07 7.258851E+07 7.591205E+07 7.249643E+07 7.707683E+07 7.305622E+07 7.849595E+07 7.301588E+07 8.187077E+07
45000 4.000 8.366085E+07 7.358473E+07 7.137178E+07 7.571682E+07 7.158740E+07 7.690012E+07 7.257202E+07 7.839342E+07 7.157676E+07 8.206472E+07
45000 4.250 8.360210E+07 7.343088E+07 7.062531E+07 7.555659E+07 7.108707E+07 7.670648E+07 7.223286E+07 7.812942E+07 7.056097E+07 8.191605E+07
45000 4.500 8.323659E+07 7.321870E+07 7.014602E+07 7.531752E+07 7.077633E+07 7.642625E+07 7.204016E+07 7.779980E+07 6.993584E+07 8.149283E+07
45000 4.750 8.267879E+07 7.303991E+07 6.983362E+07 7.505094E+07 7.057598E+07 7.609213E+07 7.190705E+07 7.742347E+07 6.952661E+07 8.095703E+07
47500 3.000 0.000000E+00 0.000000E+00 0.000000E+00 0.000000E+00 0.000000E+00 0.000000E+00 0.000000E+00 0.000000E+00 0.000000E+00 0.000000E+00
47500 3.250 0.000000E+00 0.000000E+00 0.000000E+00 0.000000E+00 0.000000E+00 0.000000E+00 0.000000E+00 0.000000E+00 0.000000E+00 0.000000E+00
47500 3.500 0.000000E+00 0.000000E+00 0.000000E+00 0.000000E+00 0.000000E+00 0.000000E+00 0.000000E+00 0.000000E+00 0.000000E+00 0.000000E+00
47500 3.750 8.714980E+07 7.740052E+07 7.611418E+07 7.954991E+07 7.588452E+07 8.066380E+07 7.652128E+07 8.229790E+07 7.665558E+07 8.586460E+07
47500 4.000 8.780544E+07 7.681568E+07 7.507154E+07 7.914153E+07 7.506343E+07 8.042840E+07 7.585638E+07 8.223668E+07 7.526106E+07 8.631210E+07
47500 4.250 8.790144E+07 7.654125E+07 7.431266E+07 7.890655E+07 7.454484E+07 8.024929E+07 7.545509E+07 8.199761E+07 7.440347E+07 8.631735E+07
47500 4.500 8.762962E+07 7.634323E+07 7.379684E+07 7.866708E+07 7.417913E+07 7.997978E+07 7.522537E+07 8.164444E+07 7.371632E+07 8.595107E+07
47500 4.750 8.711101E+07 7.616007E+07 7.334178E+07 7.839395E+07 7.387112E+07 7.964568E+07 7.501967E+07 8.125786E+07 7.315246E+07 8.541872E+07
50000 3.000 0.000000E+00 0.000000E+00 0.000000E+00 0.000000E+00 0.000000E+00 0.000000E+00 0.000000E+00 0.000000E+00 0.000000E+00 0.000000E+00
50000 3.250 0.000000E+00 0.000000E+00 0.000000E+00 0.000000E+00 0.000000E+00 0.000000E+00 0.000000E+00 0.000000E+00 0.000000E+00 0.000000E+00
50000 3.500 0.000000E+00 0.000000E+00 0.000000E+00 0.000000E+00 0.000000E+00 0.000000E+00 0.000000E+00 0.000000E+00 0.000000E+00 0.000000E+00
50000 3.750 0.000000E+00 0.000000E+00 0.000000E+00 0.000000E+00 0.000000E+00 0.000000E+00 0.000000E+00 0.000000E+00 0.000000E+00 0.000000E+00
50000 4.000 9.180548E+07 7.995406E+07 7.810206E+07 8.245240E+07 7.811039E+07 8.388478E+07 7.892091E+07 8.584089E+07 7.866970E+07 9.030922E+07
50000 4.250 9.206106E+07 7.959930E+07 7.754507E+07 8.211606E+07 7.772560E+07 8.365960E+07 7.856072E+07 8.569027E+07 7.778851E+07 9.050352E+07
50000 4.500 9.187754E+07 7.933907E+07 7.711071E+07 8.185825E+07 7.734204E+07 8.337796E+07 7.819695E+07 8.544504E+07 7.727080E+07 9.023884E+07
50000 4.750 9.140313E+07 7.907095E+07 7.673096E+07 8.157238E+07 7.705062E+07 8.304270E+07 7.793960E+07 8.497010E+07 7.677654E+07 8.974409E+07
52500 3.000 0.000000E+00 0.000000E+00 0.000000E+00 0.000000E+00 0.000000E+00 0.000000E+00 0.000000E+00 0.000000E+00 0.000000E+00 0.000000E+00
52500 3.250 0.000000E+00 0.000000E+00 0.000000E+00 0.000000E+00 0.000000E+00 0.000000E+00 0.000000E+00 0.000000E+00 0.000000E+00 0.000000E+00
52500 3.500 0.000000E+00 0.000000E+00 0.000000E+00 0.000000E+00 0.000000E+00 0.000000E+00 0.000000E+00 0.000000E+00 0.000000E+00 0.000000E+00
52500 3.750 0.000000E+00 0.000000E+00 0.000000E+00 0.000000E+00 0.000000E+00 0.000000E+00 0.000000E+00 0.000000E+00 0.000000E+00 0.000000E+00
52500 4.000 9.568286E+07 8.300616E+07 8.091465E+07 8.572601E+07 8.111922E+07 8.730444E+07 8.185743E+07 8.944151E+07 8.149873E+07 9.410086E+07
52500 4.250 9.610103E+07 8.266584E+07 8.050240E+07 8.532991E+07 8.061259E+07 8.699826E+07 8.145682E+07 8.927365E+07 8.074152E+07 9.448538E+07
52500 4.500 9.600714E+07 8.229698E+07 8.017420E+07 8.499254E+07 8.032969E+07 8.669423E+07 8.133734E+07 8.894936E+07 8.037337E+07 9.433480E+07
52500 4.750 9.556641E+07 8.198252E+07 7.983367E+07 8.465159E+07 8.006181E+07 8.632214E+07 8.090483E+07 8.857369E+07 8.001481E+07 9.390135E+07
55000 3.000 0.000000E+00 0.000000E+00 0.000000E+00 0.000000E+00 0.000000E+00 0.000000E+00 0.000000E+00 0.000000E+00 0.000000E+00 0.000000E+00
55000 3.250 0.000000E+00 0.000000E+00 0.000000E+00 0.000000E+00 0.000000E+00 0.000000E+00 0.000000E+00 0.000000E+00 0.000000E+00 0.000000E+00
55000 3.500 0.000000E+00 0.000000E+00 0.000000E+00 0.000000E+00 0.000000E+00 0.000000E+00 0.000000E+00 0.000000E+00 0.000000E+00 0.000000E+00
55000 3.750 0.000000E+00 0.000000E+00 0.000000E+00 0.000000E+00 0.000000E+00 0.000000E+00 0.000000E+00 0.000000E+00 0.000000E+00 0.000000E+00
55000 4.000 9.945632E+07 8.606658E+07 8.357100E+07 8.915353E+07 8.369512E+07 9.079714E+07 8.478462E+07 9.300104E+07 8.408866E+07 9.774938E+07
55000 4.250 1.000518E+08 8.557353E+07 8.314783E+07 8.855715E+07 8.336533E+07 9.035253E+07 8.433374E+07 9.277287E+07 8.353773E+07 9.831979E+07
55000 4.500 1.000470E+08 8.520200E+07 8.288053E+07 8.812080E+07 8.308392E+07 8.998215E+07 8.396384E+07 9.245818E+07 8.318723E+07 9.828139E+07
55000 4.750 9.964634E+07 8.481887E+07 8.266783E+07 8.770300E+07 8.286437E+07 8.955802E+07 8.368767E+07 9.209370E+07 8.291954E+07 9.791404E+07
